06
06
06
06
06
06
06
06
06
06
06
06
06
06
06
06
06
06
06
06
06
06
06
06
06
06
06
06
06
06
06
06
06
06
06
06
06
06
06
06
06
06
06
06
06
06
06
06
06
06
06
06
06
06
06
06
06
06
06
06
06
06
06
06
06
06
06
06
06
06
06
06
06
06
06
06
06
06
06
06
06
06
06
06
06
06
06
06
06
06
06
06
06
06
06
06
06
06
06
06
06
06
06
06
06
06
06
06
06
06
06
06
06
06
06
06
06
07
07
07
07
07
07
07
07
07
07
07
07
07
07
07
07
07
07
07
07
07
07
07
07
07
07
07
07
07
07
07
07
07
07
07
07
07
07
07
07
07
07
07
07
07
07
07
07
07
07
07
07
07
07
07
07
07
07
07
07
07
07
07
07
07
07
07
07
07
07
07
07
07
07
07
07
07
07
07
07
07
07
07
07
07
07
07
07
07
07
07
07
07
07
07
07
07
07
07
07
07
07
07
07
07
07
07
07
07
07
07
07
07
07
07
07
07
07
07
08
08
08
08
08
08
08
08
08
08
08
08
08
11
11
11
11
18
13
13
13
13
08
08
08
08
02
02
02
02
06
06
06
06
18
18
18
18
19
19
19
19
08
08
08
08
06
06
06
06
10
10
10
10
12
12
12
12
13
13
13
13
01
01
01
01
04
04
04
04
20
20
20
20
23
23
23
23
01
01
01
01
00
00
00
00
06
06
06
06
06
06
06
06
06
06
06
06
06
06
06
06
06
06
06
06
06
06
06
06
06
06
06
06
06
06
06
06
06
06
06
06
06
06
06
06
06
06
06
06
06
06
06
06
06
06
06
06
06
06
06
06
06
06
06
06
06
06
06
06
06
06
06
06
06
06
06
06
06
06
06
06
06
06
06
06
06
06
06
06
06
06
06
06
06
06
06
06
06
06
06
06
06
06
06
06
06
06
06
06
06
06
06
06
06
06
06
06
06
06
06
06
06
07
07
07
07
07
07
07
07
07
07
07
07
07
07
07
07
07
07
07
07
07
07
07
07
07
07
07
07
07
07
07
07
07
07
07
07
07
07
07
07
07
07
07
07
07
07
07
07
07
07
07
07
07
07
07
07
07
07
07
07
07
07
07
07
07
07
07
07
07
07
07
07
07
07
07
07
07
07
07
07
07
07
07
07
07
07
07
07
07
07
07
07
07
07
07
07
07
07
07
07
07
07
07
07
07
07
07
07
07
07
07
07
07
07
07
07
07
07
07
08
08
08
08
08
08
08
08
08
08
08
08
08
11
11
11
11
18
13
13
13
13
08
08
08
08
02
02
02
02
06
06
06
06
18
18
18
18
19
19
19
19
08
08
08
08
06
06
06
06
10
10
10
10
12
12
12
12
13
13
13
13
01
01
01
01
04
04
04
04
20
20
20
20
23
23
23
23
01
01
01
01
00
00
00
00
